SellPrice,CostestimateB,MarketPrice,BathRoom,BedRoom,CarPark,BuildFY,Blind,Neareducation,Cenmarket,Market,River,Mainroad,Insoi,airconditioner,afan,AirPurifier,Waterheater,WIFI,TV,refrigerator,microwave,gasstove,wardrobe,TCset,sofa,bed,shelves,CCTV,Securityguard,pool,Fitness,Publicarea,ShuttleBus,WVmachine,CWmachine,Elevator,Lobby,ATM,BeautySalon,Balcony,EventR,MeetingR,LivingR,Hairsalon,Laundry,Store,Supermarket,CStore,Kitchen,ID_Property_n,PropertyType_n,AsseStatus_n,UserType_n,HouseArea_n,Floor_n
2535000,3000000,2800000,1,1,0,2549,0,1,0,0,0,1,0,0,1,0,1,0,0,0,0,0,0,0,0,1,0,1,1,0,0,1,0,0,0,1,1,0,0,1,0,0,1,0,1,1,0,1,1,25,0,3,1,21,9
6900000,7000000,7000000,0,0,0,2546,0,0,0,0,0,0,0,0,0,0,0,0,0,0,0,0,0,0,0,0,0,0,0,0,0,0,0,0,0,0,0,0,0,0,0,0,0,0,0,0,0,0,0,103,2,3,1,56,7
5000000,4000000,4000000,2,2,1,2549,0,0,0,0,0,0,0,0,0,0,0,0,0,0,0,0,0,0,0,0,0,0,0,0,0,0,0,0,0,0,0,0,0,0,0,0,0,0,0,0,0,0,0,114,2,1,1,52,6
1430000,1300000,1700000,1,1,0,2551,0,1,1,0,0,1,0,1,0,0,1,0,1,1,1,1,1,1,1,1,1,1,1,1,1,1,0,0,1,1,1,1,0,1,0,0,1,0,0,1,1,1,1,0,0,3,1,38,9
3597000,3700000,3650000,1,1,1,2549,0,1,1,0,0,0,0,1,0,0,1,0,0,0,0,0,1,1,1,1,1,1,1,1,1,1,0,0,0,1,1,0,0,1,0,0,1,0,0,1,0,1,0,8,0,3,1,28,9
3400000,3500000,3700000,1,1,1,2559,0,0,0,1,0,0,1,1,1,0,1,0,1,1,1,0,1,1,1,1,1,1,1,1,1,0,0,0,0,1,0,1,0,1,0,0,0,0,0,1,1,0,0,11,0,3,1,39,6
10550000,11200000,10600000,2,2,1,2560,0,1,1,1,0,1,0,1,0,1,0,1,0,1,1,0,1,1,1,1,1,1,1,1,1,1,0,0,1,1,1,0,1,1,1,1,1,0,0,1,1,1,1,14,0,3,1,55,4
2000000,21000000,2300000,1,1,1,2557,0,1,1,0,0,1,0,1,0,0,1,0,1,1,0,0,1,1,1,1,0,1,1,1,1,1,1,0,0,1,1,0,0,1,0,0,1,0,1,1,1,1,1,18,0,3,1,24,9
1950000,2000000,1690000,1,1,1,2557,0,0,1,1,0,1,1,1,1,1,1,0,1,1,1,1,1,1,1,1,1,1,1,1,1,1,0,0,0,1,1,0,0,1,0,0,1,0,1,1,0,1,1,20,0,3,1,30,11
4710000,5000000,4900000,1,2,1,2549,0,1,1,1,0,1,0,1,0,0,1,0,0,1,0,0,0,1,1,1,1,1,1,1,1,0,0,1,1,1,1,0,0,1,0,0,1,0,0,1,0,1,0,23,0,3,1,41,11
1520000,1900000,1860000,1,1,1,2557,0,0,1,1,0,1,0,1,0,0,1,0,0,1,0,0,1,1,1,1,1,1,1,1,1,1,0,0,0,1,1,0,0,1,0,0,1,0,0,1,0,1,0,24,0,3,1,33,6
4110000,5000000,4500000,2,2,1,2549,0,1,1,0,0,1,1,1,0,0,1,0,0,1,0,0,0,1,1,1,0,1,1,1,1,1,0,1,1,1,1,0,0,0,0,0,1,0,0,1,0,1,1,27,0,0,1,49,4
6868500,7000000,10000000,2,3,2,2560,0,1,1,1,0,0,0,1,0,1,1,1,0,1,0,0,1,1,1,1,1,1,1,1,1,1,0,1,1,1,1,1,1,1,0,1,1,0,1,1,0,1,1,30,0,3,1,51,3
3000000,4000000,5000000,3,3,2,2545,1,0,0,0,0,0,0,1,0,0,1,0,1,1,1,1,1,1,1,1,1,0,0,0,0,0,0,0,0,0,0,0,0,0,0,0,0,0,0,0,0,0,0,31,1,3,1,31,6
83000,90000,85000,1,2,0,2492,1,0,0,0,0,0,0,0,0,0,0,0,0,1,0,1,0,0,0,0,0,0,0,0,0,0,0,0,0,0,0,0,0,0,0,0,0,0,0,0,0,0,0,36,1,1,1,62,0
200000,200000,200000,1,1,1,2560,0,1,0,0,0,0,0,0,0,1,0,1,0,0,0,0,0,1,0,1,0,0,0,1,0,0,0,0,0,0,0,0,0,0,0,0,0,0,0,0,0,0,0,39,1,1,1,21,6
1000000,1000000,1000000,1,2,1,2560,0,0,0,0,0,1,0,1,0,0,1,0,1,1,1,0,1,0,0,0,0,0,0,0,0,0,0,0,0,0,0,0,0,0,0,0,0,0,0,0,0,0,0,40,1,2,1,30,1
1000000,2000000,1000000,2,3,1,2548,1,0,0,0,0,0,0,0,0,0,0,0,0,0,0,0,0,0,0,0,0,0,0,0,0,0,0,0,0,0,0,0,0,0,0,0,0,0,0,0,0,0,0,42,1,3,1,47,6
2235000,3000000,2500000,2,3,2,2544,0,1,1,1,0,1,0,1,0,0,1,0,0,0,0,0,0,0,0,0,0,0,0,0,0,0,0,0,0,0,0,0,0,0,0,0,0,0,0,0,0,0,0,45,1,3,1,65,6
5500000,2508000,4000000,3,3,2,2560,0,0,1,0,0,0,1,1,0,0,1,0,0,1,0,1,1,1,0,1,1,0,1,0,0,1,0,0,0,0,0,0,0,0,0,0,0,0,0,0,0,0,0,50,1,3,1,1,6
2085000,3000000,2400000,2,3,2,2546,0,1,1,0,0,1,0,1,1,0,1,0,1,1,0,0,0,0,0,0,0,0,0,0,0,0,0,0,0,0,0,0,0,0,0,0,0,0,0,0,0,0,0,53,1,3,1,63,6
3900000,4000000,3500000,2,3,1,2550,127,1,1,0,0,0,0,0,1,1,0,1,1,0,0,0,1,0,0,0,0,0,0,1,1,0,1,0,0,0,0,0,0,0,0,0,0,0,0,0,0,0,0,56,1,1,1,20,6
2000000,2000000,3000000,2,3,1,2535,1,0,1,0,0,1,1,1,0,0,1,0,0,0,0,0,0,0,0,0,0,0,0,0,0,0,0,0,0,0,0,0,0,0,0,0,0,0,0,0,0,0,0,63,1,1,1,22,1
2000000,3000000,2000000,3,3,2,2556,0,0,0,0,0,1,0,0,0,0,0,0,0,0,0,0,0,0,0,0,0,0,0,0,0,0,0,0,0,0,0,0,0,0,0,0,0,0,0,0,0,0,0,65,1,2,1,1,6
2000000,3000000,2000000,3,3,1,2559,0,0,0,0,0,0,1,1,0,0,0,0,1,1,0,0,0,0,0,0,0,0,0,0,0,0,0,0,0,0,0,0,0,0,0,0,0,0,0,0,0,0,0,67,1,2,1,26,1
2000000,3000000,4000000,2,2,1,2551,0,0,1,1,0,0,0,1,0,0,1,0,0,1,1,1,1,1,1,1,1,0,0,0,0,0,0,0,0,0,0,0,0,0,0,0,0,0,0,0,0,0,0,70,1,0,1,11,1
2000000,3000000,2000000,2,3,1,2528,1,0,1,0,0,0,1,1,0,0,1,0,0,0,0,0,0,0,0,0,0,0,0,0,0,0,0,0,0,0,0,0,0,0,0,0,0,0,0,0,0,0,0,72,1,3,1,22,1
4000000,5000000,4000000,2,3,2,2558,0,1,1,1,0,1,0,0,0,0,0,0,0,0,0,0,0,0,0,0,0,0,1,1,1,1,0,0,0,0,0,0,0,0,0,0,0,0,0,0,0,0,0,74,1,3,1,5,6
2000000,2400000,2300000,2,3,1,2558,0,0,0,0,0,0,1,0,0,0,0,0,0,0,0,0,0,0,0,0,0,0,0,0,0,0,1,0,0,0,0,0,0,0,0,0,0,0,0,0,0,0,0,76,1,3,1,54,1
2000000,2300000,2500000,2,4,1,2541,1,1,1,1,1,1,1,1,1,1,1,1,1,1,1,1,1,1,1,1,1,1,1,1,1,1,1,0,0,0,0,0,0,0,0,0,0,0,0,0,0,0,0,77,1,3,1,7,6
4500000,4300000,4400000,4,3,2,2560,0,0,0,0,0,0,1,0,1,0,1,0,1,1,0,1,1,0,1,1,0,0,0,0,0,0,0,0,0,0,0,0,0,0,0,0,0,0,0,0,0,0,0,78,1,3,1,47,1
1000000,1500000,1700000,1,2,1,2552,0,0,0,0,0,0,1,0,0,0,0,0,0,0,0,0,0,0,0,0,0,0,0,0,0,0,0,0,0,0,0,0,0,0,0,0,0,0,0,0,0,0,0,79,1,2,1,17,1
1000000,1400000,2000000,2,2,2,2562,0,0,0,1,0,0,0,1,0,0,1,0,0,0,0,0,0,0,0,0,0,0,0,0,0,0,0,0,0,0,0,0,0,0,0,0,0,0,0,0,0,0,0,81,1,3,1,8,1
2000000,2400000,1800000,3,3,1,2558,0,0,0,0,0,0,1,0,0,0,0,0,0,0,0,0,0,0,0,0,0,0,0,0,0,0,0,0,0,0,0,0,0,0,0,0,0,0,0,0,0,0,0,82,1,2,1,37,1
4900000,5000000,5200000,4,3,1,2540,0,0,0,0,0,0,0,0,0,0,0,0,0,0,0,0,0,0,0,0,0,0,0,0,0,0,0,0,0,0,0,0,0,0,0,0,0,0,0,0,0,0,0,85,2,3,1,18,7
5175000,5000000,5500000,2,3,2,2552,0,0,1,0,0,0,1,1,0,0,1,1,0,0,0,0,0,0,0,0,0,0,0,0,0,0,0,0,0,0,0,0,0,0,0,0,0,0,0,1,1,1,0,90,2,2,1,31,7
1180000,116000,11160000,1,1,1,2553,0,1,1,1,1,0,0,1,0,0,1,0,0,1,0,0,1,0,0,1,1,1,1,0,0,0,0,1,1,1,1,0,0,1,0,0,0,0,0,0,0,1,1,1,0,3,0,46,9
2451400,2500000,2400000,1,1,0,2561,0,0,0,0,0,0,0,1,0,0,1,1,0,1,0,0,0,1,1,1,0,1,1,1,1,1,1,0,0,1,1,1,0,1,0,0,1,0,1,0,0,0,1,2,0,3,0,0,10
3825000,3900000,3850000,2,2,0,2551,0,1,1,1,0,1,0,1,0,0,1,1,0,1,0,0,1,1,1,1,0,1,1,1,1,1,0,1,1,1,1,0,1,0,0,0,1,0,0,0,0,1,1,3,0,1,0,48,11
4017000,3000000,4000000,2,2,2,2550,0,1,0,0,0,1,1,0,1,0,1,0,0,0,0,0,0,0,0,1,0,1,1,0,0,1,0,1,1,1,1,0,0,1,0,0,1,0,1,1,0,1,1,4,0,3,0,33,5
1490000,1500000,1600000,1,1,1,2559,0,1,1,0,0,1,0,1,1,1,1,0,1,1,0,0,1,1,1,1,1,1,1,1,0,1,0,0,0,1,1,1,0,1,0,0,1,0,1,1,1,1,1,5,0,3,0,30,11
1750000,1800000,1800000,1,1,1,2558,0,0,1,0,0,1,0,1,0,0,1,0,1,0,1,0,1,1,1,1,1,1,0,1,0,1,1,1,0,1,1,1,0,1,0,0,1,0,1,1,1,1,1,6,0,3,0,30,9
1799000,1600000,1680000,2,3,2,2550,0,1,0,1,0,1,0,1,0,0,1,1,0,1,1,0,1,1,1,1,1,0,1,1,0,1,0,0,0,0,0,0,0,1,1,0,1,0,0,1,0,0,1,7,0,3,0,4,8
4077000,3500000,4100000,2,2,0,2551,0,0,1,0,0,1,1,1,0,0,1,0,0,1,0,0,0,0,0,1,1,1,1,1,1,1,0,1,1,1,1,0,0,1,0,0,1,0,0,1,0,1,1,9,0,0,0,41,7
1050000,1140000,1130000,1,1,1,2544,0,1,1,0,0,0,0,1,0,0,1,0,1,1,0,0,1,1,0,1,0,0,0,0,0,1,0,0,0,1,1,0,0,1,0,0,0,0,1,1,0,1,0,10,0,3,0,39,9
118000,120000,115000,1,2,1,2551,0,0,0,1,0,0,0,1,0,0,1,1,0,1,1,0,1,1,1,1,1,0,1,0,0,0,0,0,0,0,1,0,0,0,0,0,1,0,0,0,0,0,1,12,0,3,0,3,6
1900000,2000000,1950000,1,1,1,2550,0,0,0,0,0,0,0,1,1,0,1,0,1,1,1,0,1,1,1,1,1,0,0,0,0,0,0,0,0,0,0,0,0,0,0,0,0,0,0,0,0,0,0,13,0,3,0,30,9
1000000,1200000,1000000,1,1,0,2555,0,0,0,0,0,1,0,1,1,1,1,1,1,1,1,1,1,1,1,1,1,1,1,1,0,1,0,1,0,0,1,1,0,1,0,0,1,0,1,1,1,1,0,15,0,3,0,38,6
1000000,1100000,1050000,1,1,1,2556,0,0,1,0,0,1,0,1,0,0,1,1,1,1,1,0,1,1,1,1,1,1,1,1,1,1,1,0,0,1,1,1,0,1,0,0,1,0,1,1,0,1,1,16,0,3,0,30,9
2300000,2300000,2320000,1,1,1,2556,0,0,1,1,0,0,0,0,0,0,0,0,0,0,0,0,0,0,0,0,0,1,1,0,0,0,0,0,0,1,1,0,0,1,1,0,0,1,1,0,1,0,1,17,0,3,0,44,12
1400000,1500000,1580000,0,0,0,2555,0,1,1,0,0,0,0,0,0,0,0,0,0,0,0,0,0,0,0,0,0,0,1,1,1,1,0,0,0,0,0,0,0,0,0,0,0,0,0,0,0,0,0,19,0,3,0,0,0
1830000,1920000,1790000,1,1,1,2556,0,1,1,0,0,0,0,1,0,0,1,0,0,1,0,0,1,1,1,1,1,1,1,1,1,1,0,0,0,1,1,1,0,1,0,0,1,0,0,1,0,1,1,21,0,3,0,30,9
1980000,2000000,2030000,1,1,1,2555,0,1,1,0,0,1,0,1,0,0,1,0,1,1,1,0,1,1,1,1,1,1,1,1,0,1,1,0,1,1,1,0,0,1,0,0,1,0,0,1,1,1,1,22,0,3,0,1,9
3390000,4000000,3500000,1,1,0,2560,0,1,1,0,0,1,0,1,0,0,1,0,0,1,0,0,1,0,0,1,0,1,1,1,1,1,0,1,1,1,1,0,0,1,0,0,1,0,0,1,0,1,1,26,0,3,0,41,2
1000000,2000000,1000000,1,1,1,2557,0,1,1,0,0,0,0,1,1,0,1,1,1,1,1,0,1,1,1,1,1,1,1,1,1,1,1,1,1,1,1,1,0,0,0,0,1,0,1,1,1,1,1,28,0,3,0,29,9
2000000,2000000,2000000,1,1,1,2557,0,0,1,0,0,1,0,1,0,0,1,0,0,0,0,0,1,1,1,1,1,1,1,0,0,1,1,1,1,1,1,0,0,1,0,0,1,0,1,1,0,1,1,29,0,3,0,30,9
4000000,4000000,4000000,2,3,1,2559,0,0,1,0,0,1,1,1,1,1,1,0,0,1,1,1,1,1,1,1,1,0,0,0,0,0,1,0,0,0,0,0,0,0,0,0,0,0,0,0,0,0,0,32,1,3,0,23,6
1000000,1000000,1000000,2,2,1,2561,0,0,0,0,0,0,1,0,0,0,1,0,0,0,0,0,0,0,0,0,0,0,0,0,0,0,0,0,0,0,0,0,0,0,0,0,0,0,0,0,0,0,0,33,1,0,0,57,6
2000000,2400000,2100000,2,3,2,2561,0,1,1,1,0,0,0,1,0,0,0,0,0,1,0,0,0,0,0,0,0,0,1,1,1,0,0,0,0,0,0,0,0,0,0,0,0,0,0,0,0,0,0,34,1,3,0,22,6
7000000,6000000,6000000,2,3,2,2551,0,0,1,0,0,1,0,1,0,0,1,0,1,1,0,1,1,1,1,1,1,0,0,0,0,0,0,0,0,0,0,0,0,0,0,0,0,0,0,0,0,0,0,35,1,1,0,15,6
6000000,5500000,5000000,2,3,1,2552,0,1,1,1,0,1,0,1,0,0,1,1,1,0,0,0,0,0,0,0,0,0,0,0,0,0,0,0,0,0,0,0,0,0,0,0,0,0,0,0,0,0,0,37,1,3,0,68,6
8000000,8000000,8000000,3,3,4,2544,1,0,0,0,0,0,0,1,0,0,1,0,1,1,0,1,1,1,1,1,1,1,0,0,0,0,0,0,0,0,0,0,0,0,0,0,0,0,0,0,0,0,0,38,1,1,0,53,6
6980000,6800000,6990000,3,4,2,2561,0,1,1,0,0,1,0,1,0,1,1,0,0,0,0,0,1,0,1,1,0,0,0,0,0,0,0,0,0,0,0,0,0,0,0,0,0,0,0,0,0,0,0,41,1,3,0,32,1
2470000,2500000,2300000,2,3,4,2561,0,1,1,1,0,0,1,1,0,0,1,0,0,0,0,0,0,0,0,0,0,0,0,0,0,0,0,0,0,0,0,0,0,0,0,0,0,0,0,0,0,0,0,43,1,3,0,27,1
8000000,9000000,8000000,1,1,1,2555,0,1,1,0,0,0,1,0,0,0,0,0,0,0,0,0,0,0,0,0,0,0,0,0,0,0,0,0,0,0,0,0,0,0,0,0,0,0,0,0,0,0,0,44,1,2,0,47,1
1815000,1500000,2000000,2,3,2,2519,0,0,0,0,0,1,0,1,0,0,1,0,0,1,0,0,0,0,0,0,0,0,0,0,0,0,0,0,0,0,0,0,0,0,0,0,0,0,0,0,0,0,0,46,1,3,0,10,1
19000000,20000000,19000000,3,3,1,2558,0,0,0,1,0,0,0,0,0,0,0,0,0,1,0,0,0,0,0,0,0,0,0,0,0,0,0,0,0,0,0,0,0,0,0,0,0,0,0,0,0,0,0,47,1,2,0,69,6
9210000,10000000,10000000,2,3,2,2550,0,1,1,1,0,0,1,1,1,0,1,1,1,0,0,0,0,0,0,0,0,0,0,1,0,0,0,0,0,0,0,0,0,0,0,0,0,0,0,0,0,0,0,48,1,3,0,35,1
2000000,3000000,2000000,2,2,2,2558,0,0,0,0,0,1,0,1,0,1,1,0,0,0,0,1,0,0,0,0,0,0,0,0,0,0,0,0,0,0,0,0,0,0,0,0,0,0,0,0,0,0,0,51,1,3,0,1,1
7500000,8000000,7000000,2,4,3,2551,0,1,1,1,0,1,0,1,0,0,1,1,0,0,0,0,0,0,0,0,0,0,0,0,0,0,0,0,0,0,0,0,0,0,0,0,0,0,0,0,0,0,0,52,1,3,0,6,6
24000000,24000000,24000000,5,4,3,2559,0,0,0,0,0,1,1,1,0,1,0,0,0,1,0,0,1,0,0,0,1,0,0,0,0,0,1,0,0,0,0,0,0,0,0,0,0,0,0,0,0,0,0,54,1,0,0,59,7
6000000,7000000,6000000,2,3,2,2553,0,0,0,0,0,0,0,1,1,1,1,1,1,0,0,0,0,1,1,1,0,1,1,1,1,1,1,0,0,0,0,0,0,0,0,0,0,0,0,0,0,0,0,55,1,3,0,15,6
5000000,4000000,4000000,1,1,0,2533,0,0,0,0,0,1,0,0,1,0,1,0,0,1,0,0,0,0,1,0,0,0,0,0,0,0,1,0,0,0,0,0,0,0,0,0,0,0,0,0,0,0,0,57,2,1,0,31,1
6705000,7000000,6500000,2,3,2,2551,0,1,1,1,0,1,0,1,0,0,1,1,1,0,0,0,0,0,0,0,0,0,0,0,0,0,0,0,0,0,0,0,0,0,0,0,0,0,0,0,0,0,0,58,1,3,0,65,6
3885000,4000000,4500000,1,3,1,2551,0,1,0,1,0,1,0,1,0,0,1,1,0,0,0,0,0,0,0,0,0,0,0,0,0,0,0,0,0,0,0,0,0,0,0,0,0,0,0,0,0,0,0,59,1,2,0,2,1
2650000,3000000,2700000,2,2,1,2553,0,0,0,0,0,0,1,1,1,1,1,1,1,1,1,1,1,1,1,1,1,0,0,1,0,0,0,0,0,0,0,0,0,0,0,0,0,0,0,0,0,0,0,60,1,3,0,36,1
2000000,2000000,2000000,4,1,1,2545,1,0,1,0,0,1,1,1,0,0,1,0,0,1,0,1,1,1,1,1,1,0,0,0,0,0,0,0,0,0,0,0,0,0,0,0,0,0,0,0,0,0,0,61,1,3,0,22,1
4390000,1300000,1400000,2,3,2,2560,0,1,1,1,0,0,1,1,0,0,1,1,0,1,1,0,1,1,1,1,1,0,0,0,0,0,0,0,0,0,0,0,0,0,0,0,0,0,0,0,0,0,0,62,1,3,0,9,7
3897000,4000000,3500000,2,2,2,2551,0,1,1,0,0,0,1,1,1,1,1,1,0,0,0,0,0,0,0,0,0,0,0,0,0,0,0,0,0,0,0,0,0,0,0,0,0,0,0,0,0,0,0,64,1,3,0,66,1
4000000,5000000,4000000,3,3,2,2550,0,0,1,0,0,1,1,1,0,0,1,0,0,0,0,0,1,1,1,1,1,0,0,1,0,0,0,0,0,0,0,0,0,0,0,0,0,0,0,0,0,0,0,66,1,3,0,1,6
1000000,1200000,1300000,2,2,1,2560,0,1,1,1,0,0,0,0,0,0,0,0,0,0,0,0,0,0,0,0,0,0,0,0,0,0,0,0,0,0,0,0,0,0,0,0,0,0,0,0,0,0,0,68,1,2,0,64,6
1000000,1500000,1300000,1,2,1,2559,0,0,0,0,0,0,1,0,0,0,0,0,0,0,0,0,1,0,0,0,0,0,0,0,0,0,0,0,0,0,0,0,0,0,0,0,0,0,0,0,0,0,0,69,1,2,0,61,1
3000000,4000000,3000000,3,3,2,2547,0,0,0,0,0,0,0,1,0,0,1,0,0,0,0,0,0,0,0,0,0,1,1,0,0,0,0,0,0,0,0,0,0,0,0,0,0,0,0,0,0,0,0,71,1,3,0,14,6
2000000,2000000,2000000,2,3,1,2557,0,0,1,1,0,0,1,1,0,0,1,0,1,1,1,1,1,1,1,1,0,0,0,0,0,0,1,0,0,0,0,0,0,0,0,0,0,0,0,0,0,0,0,73,1,3,0,1,1
4290000,5000000,4500000,1,1,1,2552,0,1,1,1,0,0,1,1,0,0,1,1,0,0,0,0,0,0,0,0,0,0,0,1,0,0,0,0,0,0,0,0,0,0,0,0,0,0,0,0,0,0,0,75,1,3,0,58,1
4000000,5000000,4500000,3,3,1,2547,0,0,1,1,0,1,1,1,0,0,1,0,0,1,0,0,1,1,1,1,1,0,0,1,0,0,0,0,0,0,0,0,0,0,0,0,0,0,0,0,0,0,0,80,1,3,0,1,6
1500000,1300000,1700000,2,2,2,2560,0,0,0,1,0,0,1,0,0,0,0,0,0,0,0,0,0,0,0,0,0,0,0,0,0,0,0,0,0,0,0,0,0,0,0,0,0,0,0,0,0,0,0,83,1,2,0,19,6
4500000,2000000,3100000,2,3,4,2548,1,0,0,0,0,0,0,1,0,0,0,0,0,0,0,0,0,0,0,0,0,0,0,0,0,0,0,0,0,0,0,0,0,0,0,0,0,0,0,0,0,0,0,84,1,3,0,1,6
4605000,4500000,4000000,2,2,1,2549,0,1,0,1,0,1,0,1,0,0,1,0,0,0,0,0,0,0,0,0,0,0,0,0,0,0,0,0,0,0,0,0,0,0,0,0,0,0,0,1,0,1,0,86,2,3,0,25,7
4000000,4100000,4300000,3,4,0,2549,0,1,1,1,0,1,0,1,1,1,1,0,0,1,0,0,1,1,1,0,1,0,0,0,0,1,0,0,0,0,0,1,0,0,0,0,0,0,0,0,0,0,0,87,2,0,0,26,8
4935000,5000000,4500000,2,2,1,2557,0,1,1,0,0,0,1,1,0,0,1,1,0,0,0,0,0,0,0,0,0,0,0,0,0,0,0,0,0,0,0,0,0,0,0,0,0,0,0,1,1,1,0,88,2,3,0,40,7
3897000,4000000,3500000,3,3,2,2550,0,0,0,1,0,1,0,1,0,0,1,0,0,0,0,0,0,0,0,0,0,0,0,0,0,0,0,0,0,0,0,0,0,0,0,0,0,0,0,1,0,1,0,89,2,3,0,22,6
4000000,3000000,3500000,2,2,1,2555,0,0,0,0,0,0,0,0,0,0,0,0,0,0,0,0,0,0,0,0,0,0,0,0,0,0,0,0,0,0,0,0,0,0,0,0,0,0,0,0,0,0,0,91,2,3,0,12,7
8000000,7000000,8000000,4,4,1,2556,0,0,0,0,0,1,0,1,1,1,1,0,1,1,1,1,1,1,1,0,1,1,0,0,0,1,0,0,0,0,0,0,0,0,0,0,0,0,0,0,0,0,0,92,2,1,0,50,8
2000000,1500000,2000000,3,2,1,2557,0,0,1,1,0,0,0,1,0,0,1,0,0,0,0,0,1,1,0,0,0,0,0,0,0,1,0,0,0,0,0,0,0,0,0,0,0,0,0,0,0,0,0,93,2,0,0,61,6
3850000,4000000,3500000,2,2,1,2549,0,0,0,0,0,0,0,0,0,0,0,0,0,0,0,0,0,0,0,0,0,0,0,0,0,0,0,0,0,0,0,0,0,0,0,0,0,0,0,0,0,0,0,94,2,1,0,42,7
9597000,8000000,10000000,3,4,2,2553,0,0,1,0,0,1,0,1,0,0,1,1,1,0,0,0,0,0,0,1,0,0,0,0,0,0,0,0,0,0,0,0,1,0,0,0,0,0,0,1,1,0,0,95,2,1,0,40,8
2000000,1900000,2400000,4,3,0,2549,0,0,0,0,0,1,1,0,0,0,0,0,0,0,0,0,0,0,0,0,0,0,0,0,0,1,0,0,0,0,0,0,1,0,0,0,0,0,0,0,0,0,0,96,2,0,0,60,8
2000000,2100000,2300000,2,2,0,2555,0,0,1,1,0,1,0,1,0,0,0,0,0,0,0,0,1,1,1,0,0,0,0,0,0,0,0,0,0,0,0,0,0,0,0,0,0,0,0,0,0,0,0,97,2,3,0,26,6
192500,180000,190000,2,2,1,2558,0,1,1,1,0,1,0,1,1,0,1,1,1,1,1,0,1,1,0,1,1,0,0,0,0,0,0,0,0,0,0,0,0,0,0,0,0,0,0,0,0,0,0,98,2,2,0,16,6
2000000,3000000,2000000,3,2,1,2554,0,0,0,0,0,0,0,0,0,0,0,0,0,0,0,0,0,0,0,0,0,0,0,0,0,0,0,0,0,0,0,0,0,0,0,0,0,0,0,0,0,0,0,99,2,3,0,67,6
3000000,4000000,3000000,2,2,1,2557,0,0,0,0,0,0,0,0,0,0,0,0,0,0,0,0,0,0,0,0,0,0,0,0,0,0,0,0,0,0,0,0,0,0,0,0,0,0,0,0,0,0,0,100,2,3,0,26,6
2730000,3000000,2500000,1,2,1,2552,0,0,0,0,0,1,0,1,0,0,1,0,0,0,0,0,0,0,0,0,0,0,0,0,0,0,0,0,0,0,0,0,0,0,0,0,0,0,0,1,0,1,0,101,2,3,0,1,6
6000000,6120000,620000,3,3,1,2555,0,0,0,0,0,0,0,0,0,0,0,0,0,0,0,0,0,0,0,0,0,0,0,0,0,0,0,0,0,0,0,0,0,0,0,0,0,0,0,0,0,0,0,102,2,3,0,45,7
4500000,4000000,4300000,3,3,0,2550,0,0,0,0,0,1,0,1,1,0,1,0,1,1,0,1,1,1,1,1,1,0,0,0,0,0,0,0,0,0,0,0,0,0,0,0,0,0,0,1,0,0,0,104,2,1,0,1,7
6075000,5500000,6500000,2,2,2,2550,0,1,1,1,0,1,0,1,0,1,1,1,1,0,0,0,0,0,0,0,0,0,0,0,0,0,0,0,0,0,0,0,0,0,0,0,0,0,0,1,1,1,0,105,2,1,0,43,7
3000000,2000000,3000000,3,3,2,2552,0,0,0,0,0,1,0,1,0,0,1,0,0,0,0,0,0,0,0,0,1,0,0,0,0,1,0,0,0,0,0,0,0,0,0,0,0,0,0,0,0,0,0,106,2,2,0,8,7
3000000,3200000,2800000,3,3,0,2541,0,0,0,0,0,0,0,0,0,0,0,0,0,0,0,0,0,0,0,0,0,0,0,0,0,0,0,0,0,0,0,0,0,0,0,0,0,0,0,0,0,0,0,107,2,3,0,8,7
1000000,1200000,1500000,2,2,1,2547,0,0,0,0,0,0,0,0,0,0,0,0,0,0,0,0,0,0,0,0,0,0,0,0,0,0,0,0,0,0,0,0,0,0,0,0,0,0,0,0,0,0,0,108,2,3,0,26,6
2000000,1000000,2000000,2,2,1,2556,0,0,0,1,0,1,0,0,0,0,0,0,0,1,0,0,1,1,1,0,1,0,1,0,0,1,0,0,0,0,0,0,0,0,0,0,0,0,0,0,0,0,0,109,2,3,0,13,6
4617000,4500000,4000000,2,2,1,2551,0,0,0,1,0,1,0,1,0,0,1,1,1,0,0,0,0,0,0,1,0,0,0,0,0,0,0,0,0,0,0,0,1,0,0,0,0,0,0,1,0,1,0,110,2,3,0,22,6
8325000,7000000,7500000,4,4,2,2550,0,1,1,0,0,1,0,1,0,0,1,0,0,0,0,0,0,0,0,1,0,0,0,0,0,0,0,0,0,0,0,1,1,0,0,0,0,0,0,1,1,1,0,111,2,3,0,31,8
179400,170000,180000,1,3,0,2552,0,0,0,0,0,0,0,0,0,0,0,0,0,0,0,0,0,0,0,0,0,0,0,0,0,0,0,0,0,0,0,0,0,0,0,0,0,0,0,0,0,0,0,112,2,1,0,63,1
5280000,5500000,4500000,2,3,1,2550,0,0,0,1,0,0,1,1,0,0,1,0,0,0,0,0,0,0,0,0,0,0,0,0,0,0,0,0,0,0,0,0,0,0,0,0,0,0,0,0,0,0,0,113,2,3,0,34,7
2000000,2000000,2000000,2,3,1,2561,0,0,0,0,0,0,1,0,0,0,0,0,0,0,0,0,0,0,0,0,0,0,0,0,0,0,1,0,0,0,0,0,0,0,0,0,0,0,0,0,0,0,0,49,1,1,0,39,1
