ID_Property	PropertyType	SellPrice	CostestimateB	MarketPrice	BathRoom	BedRoom	CarPark	HouseArea	Floor	LandR	LandG	LandWA	HomeCondition	BuildingAge	BuildFY	RoadType	RoadWide	AsseStatus	LProvince	LAmphur	LDistrict	LZipCode	ContactS	Blind	Neareducation	Cenmarket	Market	River	Mainroad	Insoi	airconditioner	afan	AirPurifier	Waterheater	WIFI	TV	refrigerator	microwave	gasstove	wardrobe	TCset	sofa	bed	shelves	CCTV	Securityguard	pool	Fitness	Publicarea	ShuttleBus	WVmachine	CWmachine	Elevator	Lobby	ATM	BeautySalon	Balcony	EventR	MeetingR	LivingR	Hairsalon	Laundry	Store	Supermarket	CStore	MFee	Kitchen	PPStatus	Owner	UserType
c9058	คอนโด	2535000	3000000	2800000	1	1	0	20	5				มือสอง	13	2549	คอนกรีต	4 เมตร	ว่าง	อ่างทอง	เมืองอ่างทอง	ตลาดหลวง	14000	นายหน้า	0	1	0	0	0	1	0	0	1	0	1	0	0	0	0	0	0	0	0	1	0	1	1	0	0	1	0	0	0	1	1	0	0	1	0	0	1	0	1	1	0	1	800	1	ยังไม่ขาย	59	ระยะสั้น
p6365	อาคารพาณิชย์	6900000	7000000	7000000	0	0	0	56	3	0	0	20	มือสอง	16	2546			ว่าง	กรุงเทพมหานคร	เขตดินแดง	ดินแดง	10400	นายหน้า	0	0	0	0	0	0	0	0	0	0	0	0	0	0	0	0	0	0	0	0	0	0	0	0	0	0	0	0	0	0	0	0	0	0	0	0	0	0	0	0	0	0	0	0		46	ระยะสั้น
p9783	อาคารพาณิชย์	5000000	4000000	4000000	2	2	1	50	2	0	0	1	มือสอง	13	2549			จำนอง	เชียงราย	เมืองเชียงราย	รอบเวียง	57000	นายหน้า	0	0	0	0	0	0	0	0	0	0	0	0	0	0	0	0	0	0	0	0	0	0	0	0	0	0	0	0	0	0	0	0	0	0	0	0	0	0	0	0	0	0	0	0		48	ระยะสั้น
c0205	คอนโด	1430000	1300000	1700000	1	1	0	34	5				มือสอง	11	2551	คอนกรีต	8 เมตร	ว่าง	เชียงราย	เมืองเชียงราย	ริมกก	57100	นายหน้า	0	1	1	0	0	1	0	1	0	0	1	0	1	1	1	1	1	1	1	1	1	1	1	1	1	1	0	0	1	1	1	1	0	1	0	0	1	0	0	1	1	1	5000	1		48	ระยะสั้น
c2648	คอนโด	3597000	3700000	3650000	1	1	1	28	5				มือสอง	13	2549	คอนกรีต	8 เมตร	ว่าง	ชลบุรี	เมืองชลบุรี	บางปลาสร้อย	20000	นายหน้า	0	1	1	0	0	0	0	1	0	0	1	0	0	0	0	0	1	1	1	1	1	1	1	1	1	1	0	0	0	1	1	0	0	1	0	0	1	0	0	1	0	1	1200	0	ยังไม่ขาย	59	ระยะสั้น
c4689	คอนโด	3400000	3500000	3700000	1	1	1	35	2				มือสอง	3	2559	คอนกรีต	4 เมตร	ว่าง	กรุงเทพมหานคร	เขตวัฒนา	พระโขนงเหนือ	10110	นายหน้า	0	0	0	1	0	0	1	1	1	0	1	0	1	1	1	0	1	1	1	1	1	1	1	1	1	0	0	0	0	1	0	1	0	1	0	0	0	0	0	1	1	0	0	0		38	ระยะสั้น
c6261	คอนโด	10550000	11200000	10600000	2	2	1	55	12				ใหม่	2	2560	คอนกรีต	12 เมตร	ว่าง	กรุงเทพมหานคร	เขตคลองเตย	คลองตัน	10110	นายหน้า	0	1	1	1	0	1	0	1	0	1	0	1	0	1	1	0	1	1	1	1	1	1	1	1	1	1	0	0	1	1	1	0	1	1	1	1	1	0	0	1	1	1	0	1	ยังไม่ขาย	59	ระยะสั้น
c7827	คอนโด	2000000	21000000	2300000	1	1	1	23	5				ใหม่	5	2557	คอนกรีต	4 เมตร	ว่าง	เชียงราย	เมืองเชียงราย	รอบเวียง	57000	นายหน้า	0	1	1	0	0	1	0	1	0	0	1	0	1	1	0	0	1	1	1	1	0	1	1	1	1	1	1	0	0	1	1	0	0	1	0	0	1	0	1	1	1	1	10000	1		49	ระยะสั้น
c8393	คอนโด	1950000	2000000	1690000	1	1	1	30	6				ใหม่	5	2557	คอนกรีต	4 เมตร	ว่าง	เชียงราย	เมืองเชียงราย	รอบเวียง	57000	นายหน้า	0	0	1	1	0	1	1	1	1	1	1	0	1	1	1	1	1	1	1	1	1	1	1	1	1	1	0	0	0	1	1	0	0	1	0	0	1	0	1	1	0	1	1000	1	ยังไม่ขาย	59	ระยะสั้น
c8867	คอนโด	4710000	5000000	4900000	1	2	1	36	6				มือสอง	13	2549	ยางมะตอย	8 เมตร	ว่าง	ฉะเชิงเทรา	เมืองฉะเชิงเทรา	หน้าเมือง	24000	นายหน้า	0	1	1	1	0	1	0	1	0	0	1	0	0	1	0	0	0	1	1	1	1	1	1	1	1	0	0	1	1	1	1	0	0	1	0	0	1	0	0	1	0	1	1570	0	ยังไม่ขาย	59	ระยะสั้น
c9037	คอนโด	1520000	1900000	1860000	1	1	1	31	2				ใหม่	5	2557	คอนกรีต	4 เมตร	ว่าง	เชียงราย	เมืองเชียงราย	รอบเวียง	57000	นายหน้า	0	0	1	1	0	1	0	1	0	0	1	0	0	1	0	0	1	1	1	1	1	1	1	1	1	1	0	0	0	1	1	0	0	1	0	0	1	0	0	1	0	1	5000	0		51	ระยะสั้น
c9469	คอนโด	4110000	5000000	4500000	2	2	1	45	12				มือสอง	13	2549	คอนกรีต	4 เมตร	ขายฝาก	ระยอง	เมืองระยอง	ท่าประดู่	21000	นายหน้า	0	1	1	0	0	1	1	1	0	0	1	0	0	1	0	0	0	1	1	1	0	1	1	1	1	1	0	1	1	1	1	0	0	0	0	0	1	0	0	1	0	1	1370	1	ยังไม่ขาย	59	ระยะสั้น
c9617	คอนโด	6868500	7000000	10000000	2	3	2	49	11				ใหม่	2	2560	คอนกรีต	8 เมตร	ว่าง	กรุงเทพมหานคร	เขตพระนคร	วัดสามพระยา	10200	นายหน้า	0	1	1	1	0	0	0	1	0	1	1	1	0	1	0	0	1	1	1	1	1	1	1	1	1	1	0	1	1	1	1	1	1	1	0	1	1	0	1	1	0	1	2800	1	ยังไม่ขาย	59	ระยะสั้น
h0056	บ้าน	3000000	4000000	5000000	3	3	2	300	2	0	3	90	มือสอง	17	2545	คอนกรีต	1 เมตร	ว่าง	เชียงราย	เมืองเชียงราย	ดอยฮาง	57000	นายหน้า	1	0	0	0	0	0	0	1	0	0	1	0	1	1	1	1	1	1	1	1	1	0	0	0	0	0	0	0	0	0	0	0	0	0	0	0	0	0	0	0	0	0		0		48	ระยะสั้น
h1402	บ้าน	83000	90000	85000	1	2	0	835	0				มือสอง	70	2492	โคลน	1 เมตร	จำนอง	ยโสธร	ค้อวัง	น้ำอ้อม	35160	นายหน้า	1	0	0	0	0	0	0	0	0	0	0	0	0	1	0	1	0	0	0	0	0	0	0	0	0	0	0	0	0	0	0	0	0	0	0	0	0	0	0	0	0	0		0	ยังไม่ขาย	62	ระยะสั้น
h1687	บ้าน	200000	200000	200000	1	1	1	20	2	20	20	20	มือสอง	2	2560	ยางมะตอย	2 เมตร	จำนอง	กรุงเทพมหานคร	เขตหนองจอก	คลองสิบสอง	10530	เจ้าของ	0	1	0	0	0	0	0	0	0	1	0	1	0	0	0	0	0	1	0	1	0	0	0	1	0	0	0	0	0	0	0	0	0	0	0	0	0	0	0	0	0	0		0	ยังไม่ขาย	27	ระยะสั้น
h1808	บ้าน	1000000	1000000	1000000	1	2	1	30	1	0	0	30	ใหม่	2	2560	คอนกรีต	8 เมตร	ฝากขาย	เชียงราย	เมืองเชียงราย	ริมกก	57100		0	0	0	0	0	1	0	1	0	0	1	0	1	1	1	0	1	0	0	0	0	0	0	0	0	0	0	0	0	0	0	0	0	0	0	0	0	0	0	0	0	0		0		27	ระยะสั้น
h2025	บ้าน	1000000	2000000	1000000	2	3	1	400	2	0	3	100	มือสอง	14	2548	โคลน	2 เมตร	ว่าง	เชียงราย	เวียงเชียงรุ้ง	ทุ่งก่อ	57210	นายหน้า	1	0	0	0	0	0	0	0	0	0	0	0	0	0	0	0	0	0	0	0	0	0	0	0	0	0	0	0	0	0	0	0	0	0	0	0	0	0	0	0	0	0		0		49	ระยะสั้น
h2160	บ้าน	2235000	3000000	2500000	2	3	2	920	2	0	2	30	มือสอง	18	2544	คอนกรีต	4 เมตร	ว่าง	ยะลา	เมืองยะลา	สะเตง	95000	นายหน้า	0	1	1	1	0	1	0	1	0	0	1	0	0	0	0	0	0	0	0	0	0	0	0	0	0	0	0	0	0	0	0	0	0	0	0	0	0	0	0	0	0	0		0	ยังไม่ขาย	59	ระยะสั้น
h3214	บ้าน	5500000	2508000	4000000	3	3	2	100	2	0	0	66	ใหม่	2	2560	คอนกรีต	4 เมตร	ว่าง	เชียงราย	เมืองเชียงราย	ริมกก	57100	นายหน้า	0	0	1	0	0	0	1	1	0	0	1	0	0	1	0	1	1	1	0	1	1	0	1	0	0	1	0	0	0	0	0	0	0	0	0	0	0	0	0	0	0	0		0	ยังไม่ขาย	59	ระยะสั้น
h3975	บ้าน	2085000	3000000	2400000	2	3	2	856	2	0	2	14	มือสอง	16	2546	คอนกรีต	8 เมตร	ว่าง	บึงกาฬ	ปากคาด	นากั้ง	38190	นายหน้า	0	1	1	0	0	1	0	1	1	0	1	0	1	1	0	0	0	0	0	0	0	0	0	0	0	0	0	0	0	0	0	0	0	0	0	0	0	0	0	0	0	0		0	ยังไม่ขาย	59	ระยะสั้น
h4284	บ้าน	3900000	4000000	3500000	2	3	1	196	2	78	0	0	บ้านเก่า		2550	อื่นๆ	4 เมตร	จำนอง	เชียงราย	แม่จัน	ป่าตึง	57110	นายหน้า	127	1	1	0	0	0	0	0	1	1	0	1	1	0	0	0	1	0	0	0	0	0	0	1	1	0	1	0	0	0	0	0	0	0	0	0	0	0	0	0	0	0	0	0		46	ระยะสั้น
h5484	บ้าน	2000000	2000000	3000000	2	3	1	200	1	0	0	60	มือสอง	27	2535	คอนกรีต	2 เมตร	จำนอง	เชียงราย	เมืองเชียงราย	ท่าสุด	57100	นายหน้า	1	0	1	0	0	1	1	1	0	0	1	0	0	0	0	0	0	0	0	0	0	0	0	0	0	0	0	0	0	0	0	0	0	0	0	0	0	0	0	0	0	0		0		51	ระยะสั้น
h6098	บ้าน	2000000	3000000	2000000	3	3	2	100	2	0	0	25	มือสอง	6	2556	คอนกรีต	8 เมตร	ฝากขาย	เชียงราย	เมืองเชียงราย	รอบเวียง	57000		0	0	0	0	0	1	0	0	0	0	0	0	0	0	0	0	0	0	0	0	0	0	0	0	0	0	0	0	0	0	0	0	0	0	0	0	0	0	0	0	0	0		0		39	ระยะสั้น
h7095	บ้าน	2000000	3000000	2000000	3	3	1	240	1	0	0	60	ใหม่	3	2559	คอนกรีต	8 เมตร	ฝากขาย	เชียงราย	เมืองเชียงราย	รอบเวียง	57000		0	0	0	0	0	0	1	1	0	0	0	0	1	1	0	0	0	0	0	0	0	0	0	0	0	0	0	0	0	0	0	0	0	0	0	0	0	0	0	0	0	0		0		39	ระยะสั้น
h7587	บ้าน	2000000	3000000	4000000	2	2	1	129	1	0	0	82	มือสอง	11	2551	ดินแดง	2 เมตร	ขายฝาก	เชียงราย	เมืองเชียงราย	ห้วยสัก	57000	นายหน้า	0	0	1	1	0	0	0	1	0	0	1	0	0	1	1	1	1	1	1	1	1	0	0	0	0	0	0	0	0	0	0	0	0	0	0	0	0	0	0	0	0	0		0		48	ระยะสั้น
h7993	บ้าน	2000000	3000000	2000000	2	3	1	200	1	0	0	60	มือสอง	34	2528	คอนกรีต	2 เมตร	ว่าง	เชียงราย	เมืองเชียงราย	ท่าสาย	57000	นายหน้า	1	0	1	0	0	0	1	1	0	0	1	0	0	0	0	0	0	0	0	0	0	0	0	0	0	0	0	0	0	0	0	0	0	0	0	0	0	0	0	0	0	0		0		51	ระยะสั้น
h8231	บ้าน	4000000	5000000	4000000	2	3	2	113	2			52	มือสอง	4	2558	คอนกรีต	2 เมตร	ว่าง	สมุทรปราการ	บางพลี	บางพลีใหญ่	10540	นายหน้า	0	1	1	1	0	1	0	0	0	0	0	0	0	0	0	0	0	0	0	0	0	0	1	1	1	1	0	0	0	0	0	0	0	0	0	0	0	0	0	0	0	0		0		46	ระยะสั้น
h8688	บ้าน	2000000	2400000	2300000	2	3	1	51	1	0	0	51	มือสอง	4	2558	คอนกรีต	4 เมตร	ว่าง	สมุทรปราการ	บางพลี	บางพลีใหญ่	10540	เจ้าของ	0	0	0	0	0	0	1	0	0	0	0	0	0	0	0	0	0	0	0	0	0	0	0	0	0	0	1	0	0	0	0	0	0	0	0	0	0	0	0	0	0	0		0		38	ระยะสั้น
h8751	บ้าน	2000000	2300000	2500000	2	4	1	116	2	0	0	30	มือสอง	21	2541	คอนกรีต		ว่าง	สมุทรปราการ	พระสมุทรเจดีย์	ในคลองบางปลากด	10290		1	1	1	1	1	1	1	1	1	1	1	1	1	1	1	1	1	1	1	1	1	1	1	1	1	1	1	0	0	0	0	0	0	0	0	0	0	0	0	0	0	0		0		46	ระยะสั้น
h8993	บ้าน	4500000	4300000	4400000	4	3	2	400	1	3	0	200	มือสอง	2	2560	โคลน	4 เมตร	ว่าง	เชียงราย	เวียงชัย	เวียงชัย	57210	เจ้าของ	0	0	0	0	0	0	1	0	1	0	1	0	1	1	0	1	1	0	1	1	0	0	0	0	0	0	0	0	0	0	0	0	0	0	0	0	0	0	0	0	0	0		0	ยังไม่ขาย	38	ระยะสั้น
h9101	บ้าน	1000000	1500000	1700000	1	2	1	156	1	0	0	39	มือสอง	10	2552	คอนกรีต	4 เมตร	ฝากขาย	เชียงราย	เมืองเชียงราย	รอบเวียง	57000		0	0	0	0	0	0	1	0	0	0	0	0	0	0	0	0	0	0	0	0	0	0	0	0	0	0	0	0	0	0	0	0	0	0	0	0	0	0	0	0	0	0		0		39	ระยะสั้น
h9347	บ้าน	1000000	1400000	2000000	2	2	2	120	1	0	0	70	ใหม่	0	2562	คอนกรีต	2 เลน	ว่าง	45	657	5875			0	0	0	1	0	0	0	1	0	0	1	0	0	0	0	0	0	0	0	0	0	0	0	0	0	0	0	0	0	0	0	0	0	0	0	0	0	0	0	0	0	0		0		30	ระยะสั้น
h9527	บ้าน	2000000	2400000	1800000	3	3	1	336	1	0	0	84	ใหม่	4	2558	คอนกรีต	8 เมตร	ฝากขาย	เชียงราย	แม่สาย	เวียงพางคำ	57130		0	0	0	0	0	0	1	0	0	0	0	0	0	0	0	0	0	0	0	0	0	0	0	0	0	0	0	0	0	0	0	0	0	0	0	0	0	0	0	0	0	0		0		39	ระยะสั้น
p0140	อาคารพาณิชย์	4900000	5000000	5200000	4	3	1	162	3	0	0	20	มือสอง	22	2540			ว่าง	เชียงราย	เมืองเชียงราย	ริมกก	57100	นายหน้า	0	0	0	0	0	0	0	0	0	0	0	0	0	0	0	0	0	0	0	0	0	0	0	0	0	0	0	0	0	0	0	0	0	0	0	0	0	0	0	0	0	0	0	0		51	ระยะสั้น
p1840	อาคารพาณิชย์	5175000	5000000	5500000	2	3	2	300	3				มือสอง	10	2552	ยางมะตอย	4 เมตร	ฝากขาย	สระบุรี	เมืองสระบุรี	ปากเพรียว	18000	เจ้าของ	0	0	1	0	0	0	1	1	0	0	1	1	0	0	0	0	0	0	0	0	0	0	0	0	0	0	0	0	0	0	0	0	0	0	0	0	0	0	0	1	1	1	200	0	ยังไม่ขาย	59	ระยะสั้น
c0358	คอนโด	1180000	116000	11160000	1	1	1	40	5				มือสอง	9	2553	คอนกรีต	4 เมตร	ว่าง	ตราด	เมืองตราด	บางพระ	23000	นายหน้า	0	1	1	1	1	0	0	1	0	0	1	0	0	1	0	0	1	0	0	1	1	1	1	0	0	0	0	1	1	1	1	0	0	1	0	0	0	0	0	0	0	1	700	1	ยังไม่ขาย	59	ระยะยาว
c0373	คอนโด	2451400	2500000	2400000	1	1	0	0	50				ใหม่	1	2561	คอนกรีต		ว่าง	กรุงเทพมหานคร	เขตพญาไท	*ถนนพญาไท		นายหน้า	0	0	0	0	0	0	0	1	0	0	1	1	0	1	0	0	0	1	1	1	0	1	1	1	1	1	1	0	0	1	1	1	0	1	0	0	1	0	1	0	0	0		1		29	ระยะยาว
c0705	คอนโด	3825000	3900000	3850000	2	2	0	44	6				มือสอง	11	2551	คอนกรีต	8 เมตร	จำนอง	สมุทรปราการ	เมืองสมุทรปราการ	ปากน้ำ	10270	นายหน้า	0	1	1	1	0	1	0	1	0	0	1	1	0	1	0	0	1	1	1	1	0	1	1	1	1	1	0	1	1	1	1	0	1	0	0	0	1	0	0	0	0	1	1270	1	ยังไม่ขาย	59	ระยะยาว
c0912	คอนโด	4017000	3000000	4000000	2	2	2	31	14				มือสอง	12	2550	คอนกรีต	8 เมตร	ว่าง	นนทบุรี	บางกรวย	วัดชลอ	11130	นายหน้า	0	1	0	0	0	1	1	0	1	0	1	0	0	0	0	0	0	0	0	1	0	1	1	0	0	1	0	1	1	1	1	0	0	1	0	0	1	0	1	1	0	1	133	1	ยังไม่ขาย	59	ระยะยาว
c1058	คอนโด	1490000	1500000	1600000	1	1	1	30	6				ใหม่	3	2559	คอนกรีต	8 เมตร	ว่าง	เชียงราย	เมืองเชียงราย	บ้านดู่	57100	นายหน้า	0	1	1	0	0	1	0	1	1	1	1	0	1	1	0	0	1	1	1	1	1	1	1	1	0	1	0	0	0	1	1	1	0	1	0	0	1	0	1	1	1	1	11000	1		29	ระยะยาว
c1401	คอนโด	1750000	1800000	1800000	1	1	1	30	5				ใหม่	4	2558	คอนกรีต	4 เมตร	ว่าง	เชียงราย	เมืองเชียงราย	รอบเวียง	57000	นายหน้า	0	0	1	0	0	1	0	1	0	0	1	0	1	0	1	0	1	1	1	1	1	1	0	1	0	1	1	1	0	1	1	1	0	1	0	0	1	0	1	1	1	1	5000	1		29	ระยะยาว
c1637	คอนโด	1799000	1600000	1680000	2	3	2	11049	4				มือสอง	12	2550	ยางมะตอย	4 เมตร	ว่าง	ลำพูน	ป่าซาง	ปากบ่อง	51120	นายหน้า	0	1	0	1	0	1	0	1	0	0	1	1	0	1	1	0	1	1	1	1	1	0	1	1	0	1	0	0	0	0	0	0	0	1	1	0	1	0	0	1	0	0		1	ยังไม่ขาย	62	ระยะยาว
c2651	คอนโด	4077000	3500000	4100000	2	2	0	36	3				มือสอง	11	2551	คอนกรีต	4 เมตร	ขายฝาก	พระนครศรีอยุธยา	พระนครศรีอยุธยา	ประตูชัย	13000	นายหน้า	0	0	1	0	0	1	1	1	0	0	1	0	0	1	0	0	0	0	0	1	1	1	1	1	1	1	0	1	1	1	1	0	0	1	0	0	1	0	0	1	0	1	100	1	ยังไม่ขาย	59	ระยะยาว
c2837	คอนโด	1050000	1140000	1130000	1	1	1	35	5				มือสอง	18	2544	ยางมะตอย	4 เมตร	ว่าง	เชียงราย	เมืองเชียงราย	รอบเวียง	57000	นายหน้า	0	1	1	0	0	0	0	1	0	0	1	0	1	1	0	0	1	1	0	1	0	0	0	0	0	1	0	0	0	1	1	0	0	1	0	0	0	0	1	1	0	1	300	0		51	ระยะยาว
c6030	คอนโด	118000	120000	115000	1	2	1	1077	2		50	1	ใหม่	11	2551	ยางมะตอย	2 เมตร	ว่าง	ลำพูน	ป่าซาง	นครเจดีย์	51120	นายหน้า	0	0	0	1	0	0	0	1	0	0	1	1	0	1	1	0	1	1	1	1	1	0	1	0	0	0	0	0	0	0	1	0	0	0	0	0	1	0	0	0	0	0		1	ยังไม่ขาย	62	ระยะยาว
c6241	คอนโด	1900000	2000000	1950000	1	1	1	30	5				มือสอง	12	2550			ว่าง	เชียงราย	เมืองเชียงราย	ริมกก	57100	นายหน้า	0	0	0	0	0	0	0	1	1	0	1	0	1	1	1	0	1	1	1	1	1	0	0	0	0	0	0	0	0	0	0	0	0	0	0	0	0	0	0	0	0	0	500	0		51	ระยะยาว
c6327	คอนโด	1000000	1200000	1000000	1	1	0	34	2				ใหม่	7	2555	คอนกรีต	4 เมตร	ว่าง	เชียงราย	เมืองเชียงราย	ริมกก	57100	นายหน้า	0	0	0	0	0	1	0	1	1	1	1	1	1	1	1	1	1	1	1	1	1	1	1	1	0	1	0	1	0	0	1	1	0	1	0	0	1	0	1	1	1	1	1000	0		49	ระยะยาว
c6591	คอนโด	1000000	1100000	1050000	1	1	1	30	5				ใหม่	6	2556	คอนกรีต	4 เมตร	ว่าง	เชียงราย	เมืองเชียงราย	รอบเวียง	57000	นายหน้า	0	0	1	0	0	1	0	1	0	0	1	1	1	1	1	0	1	1	1	1	1	1	1	1	1	1	1	0	0	1	1	1	0	1	0	0	1	0	1	1	0	1	5000	1		48	ระยะยาว
c7254	คอนโด	2300000	2300000	2320000	1	1	1	39.3	ทั้งตึก				มือสอง	6	2556	คอนกรีต	8 เมตร	ว่าง	กรุงเทพมหานคร	เขตบางกะปิ	หัวหมาก	10240	เจ้าของ	0	0	1	1	0	0	0	0	0	0	0	0	0	0	0	0	0	0	0	0	0	1	1	0	0	0	0	0	0	1	1	0	0	1	1	0	0	1	1	0	1	0	0	1		38	ระยะยาว
c8242	คอนโด	1400000	1500000	1580000	0	0	0	0	0				มือสอง	7	2555			ว่าง	เชียงราย	เมืองเชียงราย	บ้านดู่	57100	เจ้าของ	0	1	1	0	0	0	0	0	0	0	0	0	0	0	0	0	0	0	0	0	0	0	1	1	1	1	0	0	0	0	0	0	0	0	0	0	0	0	0	0	0	0	0	0		53	ระยะยาว
c8516	คอนโด	1830000	1920000	1790000	1	1	1	30	5				ใหม่	6	2556	คอนกรีต	4 เมตร	ว่าง	เชียงราย	เมืองเชียงราย	บ้านดู่	57100	นายหน้า	0	1	1	0	0	0	0	1	0	0	1	0	0	1	0	0	1	1	1	1	1	1	1	1	1	1	0	0	0	1	1	1	0	1	0	0	1	0	0	1	0	1	900	1		48	ระยะยาว
c8835	คอนโด	1980000	2000000	2030000	1	1	1	100	5				มือสอง	7	2555	คอนกรีต	4 เมตร	ว่าง	เชียงราย	เมืองเชียงราย	บ้านดู่	57100	นายหน้า	0	1	1	0	0	1	0	1	0	0	1	0	1	1	1	0	1	1	1	1	1	1	1	1	0	1	1	0	1	1	1	0	0	1	0	0	1	0	0	1	1	1	1000	1		48	ระยะยาว
c9151	คอนโด	3390000	4000000	3500000	1	1	0	36	10				ใหม่	2	2560	คอนกรีต	4 เมตร	ว่าง	นนทบุรี	เมืองนนทบุรี	สวนใหญ่	11000	นายหน้า	0	1	1	0	0	1	0	1	0	0	1	0	0	1	0	0	1	0	0	1	0	1	1	1	1	1	0	1	1	1	1	0	0	1	0	0	1	0	0	1	0	1	1180	1	ยังไม่ขาย	59	ระยะยาว
c9501	คอนโด	1000000	2000000	1000000	1	1	1	29	5				ใหม่	5	2557	คอนกรีต	4 เมตร	ว่าง	เชียงราย	เมืองเชียงราย	ริมกก	57100	นายหน้า	0	1	1	0	0	0	0	1	1	0	1	1	1	1	1	0	1	1	1	1	1	1	1	1	1	1	1	1	1	1	1	1	0	0	0	0	1	0	1	1	1	1	500	1		49	ระยะยาว
c9591	คอนโด	2000000	2000000	2000000	1	1	1	30	5				ใหม่	5	2557	คอนกรีต	4 เมตร	ว่าง	เชียงราย	เมืองเชียงราย	รอบเวียง	57000	นายหน้า	0	0	1	0	0	1	0	1	0	0	1	0	0	0	0	0	1	1	1	1	1	1	1	0	0	1	1	1	1	1	1	0	0	1	0	0	1	0	1	1	0	1	3000	1		48	ระยะยาว
h0108	บ้าน	4000000	4000000	4000000	2	3	1	202.05	2	0	3	36.7	มือสอง	3	2559	คอนกรีต	4 เมตร	ว่าง	นนทบุรี	บางบัวทอง	บางบัวทอง	11110	เจ้าของ	0	0	1	0	0	1	1	1	1	1	1	0	0	1	1	1	1	1	1	1	1	0	0	0	0	0	1	0	0	0	0	0	0	0	0	0	0	0	0	0	0	0		0		38	ระยะยาว
h0544	บ้าน	1000000	1000000	1000000	2	2	1	60.2	2	0	0	60.2	ใหม่	1	2561	คอนกรีต	4 เมตร	ขายฝาก	ปทุมธานี	หนองเสือ	บึงบา	12170	นายหน้า	0	0	0	0	0	0	1	0	0	0	1	0	0	0	0	0	0	0	0	0	0	0	0	0	0	0	0	0	0	0	0	0	0	0	0	0	0	0	0	0	0	0		0		38	ระยะยาว
h0817	บ้าน	2000000	2400000	2100000	2	3	2	200	2	0	0	60	ใหม่	1	2561	คอนกรีต		ว่าง	กรุงเทพมหานคร	เขตบางกะปิ	*ลาดพร้าว		เจ้าของ	0	1	1	1	0	0	0	1	0	0	0	0	0	1	0	0	0	0	0	0	0	0	1	1	1	0	0	0	0	0	0	0	0	0	0	0	0	0	0	0	0	0		0	ยังไม่ขาย	29	ระยะยาว
h1193	บ้าน	7000000	6000000	6000000	2	3	2	150	2	0	1	50	มือสอง	11	2551	คอนกรีต	4 เมตร	จำนอง	เชียงราย	เมืองเชียงราย	บ้านดู่	57100	นายหน้า	0	0	1	0	0	1	0	1	0	0	1	0	1	1	0	1	1	1	1	1	1	0	0	0	0	0	0	0	0	0	0	0	0	0	0	0	0	0	0	0	0	0		0		48	ระยะยาว
h1426	บ้าน	6000000	5500000	5000000	2	3	1	983	2	0	2	77	มือสอง	10	2552	ยางมะตอย	8 เมตร	ว่าง	อุทัยธานี	เมืองอุทัยธานี	น้ำซึม	61000	เจ้าของ	0	1	1	1	0	1	0	1	0	0	1	1	1	0	0	0	0	0	0	0	0	0	0	0	0	0	0	0	0	0	0	0	0	0	0	0	0	0	0	0	0	0		0	ยังไม่ขาย	59	ระยะยาว
h1571	บ้าน	8000000	8000000	8000000	3	3	4	500	2	0	3	100	มือสอง	18	2544	คอนกรีต	2 เมตร	จำนอง	เชียงราย	เมืองเชียงราย	รอบเวียง	57000	นายหน้า	1	0	0	0	0	0	0	1	0	0	1	0	1	1	0	1	1	1	1	1	1	1	0	0	0	0	0	0	0	0	0	0	0	0	0	0	0	0	0	0	0	0		0		51	ระยะยาว
h1977	บ้าน	6980000	6800000	6990000	3	4	2	305	1	0	1	28	ใหม่	1	2561	คอนกรีต	8 เมตร	ว่าง	เชียงใหม่	หางดง	หางดง	50230	เจ้าของ	0	1	1	0	0	1	0	1	0	1	1	0	0	0	0	0	1	0	1	1	0	0	0	0	0	0	0	0	0	0	0	0	0	0	0	0	0	0	0	0	0	0		0	ยังไม่ขาย	38	ระยะยาว
h2037	บ้าน	2470000	2500000	2300000	2	3	4	257	1	0	0	64	ใหม่	1	2561	คอนกรีต	4 เมตร	ว่าง	เชียงราย	เมืองเชียงราย	บ้านดู่	57100	นายหน้า	0	1	1	1	0	0	1	1	0	0	1	0	0	0	0	0	0	0	0	0	0	0	0	0	0	0	0	0	0	0	0	0	0	0	0	0	0	0	0	0	0	0		0	ยังไม่ขาย	59	ระยะยาว
h2056	บ้าน	8000000	9000000	8000000	1	1	1	400	1	1	4	100	มือสอง	7	2555	ยางมะตอย	4 เมตร	ฝากขาย	เชียงราย	เมืองเชียงราย	ห้วยสัก	57000		0	1	1	0	0	0	1	0	0	0	0	0	0	0	0	0	0	0	0	0	0	0	0	0	0	0	0	0	0	0	0	0	0	0	0	0	0	0	0	0	0	0		0	ขายแล้ว	27	ระยะยาว
h2705	บ้าน	1815000	1500000	2000000	2	3	2	1262	1	0	3	16	มือสอง	43	2519	คอนกรีต	4 เมตร	ว่าง	นราธิวาส	เมืองนราธิวาส	บางนาค	96000	นายหน้า	0	0	0	0	0	1	0	1	0	0	1	0	0	1	0	0	0	0	0	0	0	0	0	0	0	0	0	0	0	0	0	0	0	0	0	0	0	0	0	0	0	0		0	ยังไม่ขาย	59	ระยะยาว
h2877	บ้าน	19000000	20000000	19000000	3	3	1	ึึ77	2	2	8	308	ใหม่	4	2558		4 เมตร	ฝากขาย	เชียงราย	แม่จัน	ป่าซาง	57110		0	0	0	1	0	0	0	0	0	0	0	0	0	1	0	0	0	0	0	0	0	0	0	0	0	0	0	0	0	0	0	0	0	0	0	0	0	0	0	0	0	0		0	ยังไม่ขาย	27	ระยะยาว
h3003	บ้าน	9210000	10000000	10000000	2	3	2	317	1	1	0	21	มือสอง	12	2550	คอนกรีต	4 เมตร	ว่าง	เชียงใหม่	สันป่าตอง	สันกลาง	50120	เจ้าของ	0	1	1	1	0	0	1	1	1	0	1	1	1	0	0	0	0	0	0	0	0	0	0	1	0	0	0	0	0	0	0	0	0	0	0	0	0	0	0	0	0	0		0	ยังไม่ขาย	59	ระยะยาว
h3634	บ้าน	2000000	3000000	2000000	2	2	2	100	1	0	0	69	มือสอง	4	2558	คอนกรีต	2 เมตร	ว่าง	เชียงราย	เมืองเชียงราย	รอบเวียง	57000	นายหน้า	0	0	0	0	0	1	0	1	0	1	1	0	0	0	0	1	0	0	0	0	0	0	0	0	0	0	0	0	0	0	0	0	0	0	0	0	0	0	0	0	0	0		0		49	ระยะยาว
h3838	บ้าน	7500000	8000000	7000000	2	4	3	1145	2	0	2	86	มือสอง	11	2551	คอนกรีต	8 เมตร	ว่าง	กาฬสินธุ์	เมืองกาฬสินธุ์	ลำพาน	46000	นายหน้า	0	1	1	1	0	1	0	1	0	0	1	1	0	0	0	0	0	0	0	0	0	0	0	0	0	0	0	0	0	0	0	0	0	0	0	0	0	0	0	0	0	0		0	ยังไม่ขาย	59	ระยะยาว
h4070	บ้าน	24000000	24000000	24000000	5	4	3	74.8	3	0	3	77.8	มือสอง	3	2559	คอนกรีต	4 เมตร	ขายฝาก	กรุงเทพมหานคร	เขตบึงกุ่ม	คลองกุ่ม	10240		0	0	0	0	0	1	1	1	0	1	0	0	0	1	0	0	1	0	0	0	1	0	0	0	0	0	1	0	0	0	0	0	0	0	0	0	0	0	0	0	0	0		0		38	ระยะยาว
h4174	บ้าน	6000000	7000000	6000000	2	3	2	150	2	0	0	55	มือสอง	9	2553	คอนกรีต	4 เมตร	ว่าง	สมุทรปราการ	เมืองสมุทรปราการ	บางเมืองใหม่	10270	นายหน้า	0	0	0	0	0	0	0	1	1	1	1	1	1	0	0	0	0	1	1	1	0	1	1	1	1	1	1	0	0	0	0	0	0	0	0	0	0	0	0	0	0	0		0		46	ระยะยาว
h4588	อาคารพาณิชย์	5000000	4000000	4000000	1	1	0	300	1	0	1	62	มือสอง	29	2533	คอนกรีต	2 เมตร	จำนอง	เชียงราย	เมืองเชียงราย	ท่าสุด	57100		0	0	0	0	0	1	0	0	1	0	1	0	0	1	0	0	0	0	1	0	0	0	0	0	0	0	1	0	0	0	0	0	0	0	0	0	0	0	0	0	0	0		0	ยังไม่ขาย	27	ระยะยาว
h4687	บ้าน	6705000	7000000	6500000	2	3	2	920	2	0	2	30	มือสอง	11	2551	คอนกรีต	8 เมตร	ว่าง	พัทลุง	เมืองพัทลุง	คูหาสวรรค์	93000	เจ้าของ	0	1	1	1	0	1	0	1	0	0	1	1	1	0	0	0	0	0	0	0	0	0	0	0	0	0	0	0	0	0	0	0	0	0	0	0	0	0	0	0	0	0		0	ยังไม่ขาย	59	ระยะยาว
h4773	บ้าน	3885000	4000000	4500000	1	3	1	1040	1	0	2	60	มือสอง	11	2551	ยางมะตอย	8 เมตร	ฝากขาย	สุรินทร์	เมืองสุรินทร์	นาบัว	32000	นายหน้า	0	1	0	1	0	1	0	1	0	0	1	1	0	0	0	0	0	0	0	0	0	0	0	0	0	0	0	0	0	0	0	0	0	0	0	0	0	0	0	0	0	0		0	ยังไม่ขาย	59	ระยะยาว
h5113	บ้าน	2650000	3000000	2700000	2	2	1	328	1	0	0	82	ใหม่	9	2553	คอนกรีต	4 เมตร	ว่าง	เชียงราย	เมืองเชียงราย	ห้วยสัก	57000	นายหน้า	0	0	0	0	0	0	1	1	1	1	1	1	1	1	1	1	1	1	1	1	1	0	0	1	0	0	0	0	0	0	0	0	0	0	0	0	0	0	0	0	0	0		0	ยังไม่ขาย	59	ระยะยาว
h5158	บ้าน	2000000	2000000	2000000	4	1	1	200	1	0	0	60	มือสอง	17	2545	คอนกรีต	4 เมตร	ว่าง	เชียงราย	เมืองเชียงราย	บ้านดู่	57100	นายหน้า	1	0	1	0	0	1	1	1	0	0	1	0	0	1	0	1	1	1	1	1	1	0	0	0	0	0	0	0	0	0	0	0	0	0	0	0	0	0	0	0	0	0		0		51	ระยะยาว
h5234	บ้าน	4390000	1300000	1400000	2	3	2	1200	3				ใหม่	2	2560	คอนกรีต	4 เมตร	ว่าง	กำแพงเพชร	พรานกระต่าย	เขาคีริส	62110	นายหน้า	0	1	1	1	0	0	1	1	0	0	1	1	0	1	1	0	1	1	1	1	1	0	0	0	0	0	0	0	0	0	0	0	0	0	0	0	0	0	0	0	0	0		0	ยังไม่ขาย	62	ระยะยาว
h5898	บ้าน	3897000	4000000	3500000	2	2	2	952	1	0	2	38	มือสอง	11	2551	คอนกรีต	4 เมตร	ว่าง	บุรีรัมย์	คูเมือง	คูเมือง	31190	เจ้าของ	0	1	1	0	0	0	1	1	1	1	1	1	0	0	0	0	0	0	0	0	0	0	0	0	0	0	0	0	0	0	0	0	0	0	0	0	0	0	0	0	0	0		0		59	ระยะยาว
h6385	บ้าน	4000000	5000000	4000000	3	3	2	100	2	0	0	65	มือสอง	12	2550	คอนกรีต	2 เมตร	ว่าง	เชียงราย	เมืองเชียงราย	ริมกก	57100	นายหน้า	0	0	1	0	0	1	1	1	0	0	1	0	0	0	0	0	1	1	1	1	1	0	0	1	0	0	0	0	0	0	0	0	0	0	0	0	0	0	0	0	0	0		0		48	ระยะยาว
h7352	บ้าน	1000000	1200000	1300000	2	2	1	88	2	0	0	22	ใหม่	2	2560	คอนกรีต	4 เมตร	ฝากขาย	เชียงราย	เมืองเชียงราย	แม่กรณ์	57000		0	1	1	1	0	0	0	0	0	0	0	0	0	0	0	0	0	0	0	0	0	0	0	0	0	0	0	0	0	0	0	0	0	0	0	0	0	0	0	0	0	0		0		39	ระยะยาว
h7370	บ้าน	1000000	1500000	1300000	1	2	1	80	1	0	0	29	ใหม่	3	2559	คอนกรีต	4 เมตร	ฝากขาย	เชียงราย	เมืองเชียงราย	ริมกก	57100		0	0	0	0	0	0	1	0	0	0	0	0	0	0	0	0	1	0	0	0	0	0	0	0	0	0	0	0	0	0	0	0	0	0	0	0	0	0	0	0	0	0		0		39	ระยะยาว
h7800	บ้าน	3000000	4000000	3000000	3	3	2	140	2	0	0	35	มือสอง	15	2547			ว่าง	สมุทรปราการ	บางเสาธง	บางเสาธง	10540		0	0	0	0	0	0	0	1	0	0	1	0	0	0	0	0	0	0	0	0	0	1	1	0	0	0	0	0	0	0	0	0	0	0	0	0	0	0	0	0	0	0		0		46	ระยะยาว
h8121	บ้าน	2000000	2000000	2000000	2	3	1	100	1	0	0	50	มือสอง	5	2557	คอนกรีต	2 เมตร	ว่าง	เชียงราย	เมืองเชียงราย	ริมกก	57100	นายหน้า	0	0	1	1	0	0	1	1	0	0	1	0	1	1	1	1	1	1	1	1	0	0	0	0	0	0	1	0	0	0	0	0	0	0	0	0	0	0	0	0	0	0		0		49	ระยะยาว
h8673	บ้าน	4290000	5000000	4500000	1	1	1	64	1	0	1	42	มือสอง	10	2552	คอนกรีต	4 เมตร	ว่าง	ตาก	สามเงา	วังหมัน	63130	เจ้าของ	0	1	1	1	0	0	1	1	0	0	1	1	0	0	0	0	0	0	0	0	0	0	0	1	0	0	0	0	0	0	0	0	0	0	0	0	0	0	0	0	0	0		0	ยังไม่ขาย	59	ระยะยาว
h9127	บ้าน	4000000	5000000	4500000	3	3	1	100	2	0	0	65	มือสอง	15	2547	คอนกรีต	2 เมตร	ว่าง	เชียงราย	เมืองเชียงราย	ริมกก	57100	นายหน้า	0	0	1	1	0	1	1	1	0	0	1	0	0	1	0	0	1	1	1	1	1	0	0	1	0	0	0	0	0	0	0	0	0	0	0	0	0	0	0	0	0	0		0		48	ระยะยาว
h9642	บ้าน	1500000	1300000	1700000	2	2	2	18	2	0	0	4.5	ใหม่	2	2560	คอนกรีต	4 เมตร	ฝากขาย	เชียงราย	เมืองเชียงราย	ริมกก	57100		0	0	0	1	0	0	1	0	0	0	0	0	0	0	0	0	0	0	0	0	0	0	0	0	0	0	0	0	0	0	0	0	0	0	0	0	0	0	0	0	0	0		0		39	ระยะยาว
h9648	บ้าน	4500000	2000000	3100000	2	3	4	100	2	0	0	49	มือสอง	14	2548	โคลน	4 เมตร	ว่าง	เชียงราย	เมืองเชียงราย	แม่ยาว	57100	นายหน้า	1	0	0	0	0	0	0	1	0	0	0	0	0	0	0	0	0	0	0	0	0	0	0	0	0	0	0	0	0	0	0	0	0	0	0	0	0	0	0	0	0	0		0	ยังไม่ขาย	59	ระยะยาว
p0532	อาคารพาณิชย์	4605000	4500000	4000000	2	2	1	230	3				มือสอง	13	2549	คอนกรีต	8 เมตร	ว่าง	อำนาจเจริญ	เมืองอำนาจเจริญ	ไก่คำ	37000	นายหน้า	0	1	0	1	0	1	0	1	0	0	1	0	0	0	0	0	0	0	0	0	0	0	0	0	0	0	0	0	0	0	0	0	0	0	0	0	0	0	0	1	0	1	0	0	ยังไม่ขาย	59	ระยะยาว
p1178	อาคารพาณิชย์	4000000	4100000	4300000	3	4	0	240	4	0	0	60	ใหม่	13	2549	คอนกรีต	2 เมตร	ขายฝาก	เชียงราย	เมืองเชียงราย	รอบเวียง	57000		0	1	1	1	0	1	0	1	1	1	1	0	0	1	0	0	1	1	1	0	1	0	0	0	0	1	0	0	0	0	0	1	0	0	0	0	0	0	0	0	0	0	0	0		39	ระยะยาว
p1648	อาคารพาณิชย์	4935000	5000000	4500000	2	2	1	350	3				ใหม่	5	2557		4 เมตร	ว่าง	ขอนแก่น	กระนวน	บ้านฝาง	40270	นายหน้า	0	1	1	0	0	0	1	1	0	0	1	1	0	0	0	0	0	0	0	0	0	0	0	0	0	0	0	0	0	0	0	0	0	0	0	0	0	0	0	1	1	1	0	0	ยังไม่ขาย	59	ระยะยาว
p1773	อาคารพาณิชย์	3897000	4000000	3500000	3	3	2	200	2				มือสอง	12	2550	คอนกรีต	8 เมตร	ว่าง	ลพบุรี	เมืองลพบุรี	ทะเลชุบศร	15000	นายหน้า	0	0	0	1	0	1	0	1	0	0	1	0	0	0	0	0	0	0	0	0	0	0	0	0	0	0	0	0	0	0	0	0	0	0	0	0	0	0	0	1	0	1	0	0	ยังไม่ขาย	59	ระยะยาว
p2922	อาคารพาณิชย์	4000000	3000000	3500000	2	2	1	132	3	0	0	40	ใหม่	7	2555			ว่าง	เชียงราย	เมืองเชียงราย	รอบเวียง	57000	นายหน้า	0	0	0	0	0	0	0	0	0	0	0	0	0	0	0	0	0	0	0	0	0	0	0	0	0	0	0	0	0	0	0	0	0	0	0	0	0	0	0	0	0	0	0	0		48	ระยะยาว
p3024	อาคารพาณิชย์	8000000	7000000	8000000	4	4	1	450	4	0	0	100	ใหม่	6	2556	คอนกรีต	2 เมตร	จำนอง	เชียงราย	เมืองเชียงราย	รอบเวียง	57000		0	0	0	0	0	1	0	1	1	1	1	0	1	1	1	1	1	1	1	0	1	1	0	0	0	1	0	0	0	0	0	0	0	0	0	0	0	0	0	0	0	0	0	0		39	ระยะยาว
p3554	อาคารพาณิชย์	2000000	1500000	2000000	3	2	1	80	2	0	0	30	ใหม่	5	2557	คอนกรีต	2 เมตร	ขายฝาก	เชียงราย	เมืองเชียงราย	ริมกก	57100		0	0	1	1	0	0	0	1	0	0	1	0	0	0	0	0	1	1	0	0	0	0	0	0	0	1	0	0	0	0	0	0	0	0	0	0	0	0	0	0	0	0	0	0		39	ระยะยาว
p3581	อาคารพาณิชย์	3850000	4000000	3500000	2	2	1	360	3	0	0	70	มือสอง	13	2549			จำนอง	เชียงราย	เมืองเชียงราย	เวียง	57000	นายหน้า	0	0	0	0	0	0	0	0	0	0	0	0	0	0	0	0	0	0	0	0	0	0	0	0	0	0	0	0	0	0	0	0	0	0	0	0	0	0	0	0	0	0	0	0		48	ระยะยาว
p3857	อาคารพาณิชย์	9597000	8000000	10000000	3	4	2	350	4				มือสอง	9	2553	คอนกรีต	8 เมตร	จำนอง	กรุงเทพมหานคร	เขตดุสิต	ดุสิต	10300	นายหน้า	0	0	1	0	0	1	0	1	0	0	1	1	1	0	0	0	0	0	0	1	0	0	0	0	0	0	0	0	0	0	0	0	1	0	0	0	0	0	0	1	1	0	3000	0	ยังไม่ขาย	59	ระยะยาว
p4682	อาคารพาณิชย์	2000000	1900000	2400000	4	3	0	76.8	4	0	0	20	มือสอง	13	2549	คอนกรีต	2 เมตร	ขายฝาก	เชียงราย	เมืองเชียงราย	รอบเวียง	57000		0	0	0	0	0	1	1	0	0	0	0	0	0	0	0	0	0	0	0	0	0	0	0	0	0	1	0	0	0	0	0	0	1	0	0	0	0	0	0	0	0	0	0	0		39	ระยะยาว
p4777	อาคารพาณิชย์	2000000	2100000	2300000	2	2	0	240	2	0	0	50	ใหม่	7	2555	คอนกรีต	4 เมตร	ว่าง	เชียงราย	เมืองเชียงราย	บ้านดู่	57100		0	0	1	1	0	1	0	1	0	0	0	0	0	0	0	0	1	1	1	0	0	0	0	0	0	0	0	0	0	0	0	0	0	0	0	0	0	0	0	0	0	0	-	0		39	ระยะยาว
p5347	อาคารพาณิชย์	192500	180000	190000	2	2	1	155	2				มือสอง	4	2558	คอนกรีต	2 เมตร	ฝากขาย	เชียงใหม่	แม่อาย	บ้านหลวง	50280	นายหน้า	0	1	1	1	0	1	0	1	1	0	1	1	1	1	1	0	1	1	0	1	1	0	0	0	0	0	0	0	0	0	0	0	0	0	0	0	0	0	0	0	0	0		0	ยังไม่ขาย	62	ระยะยาว
p5704	อาคารพาณิชย์	2000000	3000000	2000000	3	2	1	96	2	0	0	30	มือสอง	8	2554			ว่าง	เชียงราย	เมืองเชียงราย	เวียง	57000	นายหน้า	0	0	0	0	0	0	0	0	0	0	0	0	0	0	0	0	0	0	0	0	0	0	0	0	0	0	0	0	0	0	0	0	0	0	0	0	0	0	0	0	0	0	0	0		48	ระยะยาว
p5810	อาคารพาณิชย์	3000000	4000000	3000000	2	2	1	240	2	0	0	50	ใหม่	5	2557			ว่าง	เชียงราย	เมืองเชียงราย	ป่าอ้อดอนชัย	57000	นายหน้า	0	0	0	0	0	0	0	0	0	0	0	0	0	0	0	0	0	0	0	0	0	0	0	0	0	0	0	0	0	0	0	0	0	0	0	0	0	0	0	0	0	0	0	0		49	ระยะยาว
p5892	อาคารพาณิชย์	2730000	3000000	2500000	1	2	1	100	2				มือสอง	10	2552	คอนกรีต	4 เมตร	ว่าง	ยโสธร	เมืองยโสธร	น้ำคำใหญ่	35000	นายหน้า	0	0	0	0	0	1	0	1	0	0	1	0	0	0	0	0	0	0	0	0	0	0	0	0	0	0	0	0	0	0	0	0	0	0	0	0	0	0	0	1	0	1	0	0	ยังไม่ขาย	59	ระยะยาว
p6277	อาคารพาณิชย์	6000000	6120000	620000	3	3	1	390	3	0	0	70	มือสอง	7	2555			ว่าง	เชียงราย	เมืองเชียงราย	นางแล	57100	นายหน้า	0	0	0	0	0	0	0	0	0	0	0	0	0	0	0	0	0	0	0	0	0	0	0	0	0	0	0	0	0	0	0	0	0	0	0	0	0	0	0	0	0	0	0	0		48	ระยะยาว
p6381	อาคารพาณิชย์	4500000	4000000	4300000	3	3	0	100	3	0	0	20	มือสอง	12	2550	คอนกรีต	4 เมตร	จำนอง	เชียงราย	เมืองเชียงราย	นางแล	57100	นายหน้า	0	0	0	0	0	1	0	1	1	0	1	0	1	1	0	1	1	1	1	1	1	0	0	0	0	0	0	0	0	0	0	0	0	0	0	0	0	0	0	1	0	0	0	0	ยังไม่ขาย	59	ระยะยาว
p6843	อาคารพาณิชย์	6075000	5500000	6500000	2	2	2	370	3				มือสอง	12	2550	คอนกรีต	8 เมตร	จำนอง	จันทบุรี	เมืองจันทบุรี	วัดใหม่	22000	นายหน้า	0	1	1	1	0	1	0	1	0	1	1	1	1	0	0	0	0	0	0	0	0	0	0	0	0	0	0	0	0	0	0	0	0	0	0	0	0	0	0	1	1	1	100	0	ยังไม่ขาย	59	ระยะยาว
p7282	อาคารพาณิชย์	3000000	2000000	3000000	3	3	2	120	3	0	0	24	ใหม่	10	2552	โคลน	8 เมตร	ฝากขาย	เชียงราย	เมืองเชียงราย	ท่าสุด	57100		0	0	0	0	0	1	0	1	0	0	1	0	0	0	0	0	0	0	0	0	1	0	0	0	0	1	0	0	0	0	0	0	0	0	0	0	0	0	0	0	0	0		0		39	ระยะยาว
p7716	อาคารพาณิชย์	3000000	3200000	2800000	3	3	0	120	3	0	0	30	มือสอง	21	2541			ว่าง	NULL	NULL	NULL		นายหน้า	0	0	0	0	0	0	0	0	0	0	0	0	0	0	0	0	0	0	0	0	0	0	0	0	0	0	0	0	0	0	0	0	0	0	0	0	0	0	0	0	0	0	0	0		51	ระยะยาว
p8020	อาคารพาณิชย์	1000000	1200000	1500000	2	2	1	240	2	0	0	45	มือสอง	15	2547			ว่าง	เชียงราย	เมืองเชียงราย	บ้านดู่	57100	นายหน้า	0	0	0	0	0	0	0	0	0	0	0	0	0	0	0	0	0	0	0	0	0	0	0	0	0	0	0	0	0	0	0	0	0	0	0	0	0	0	0	0	0	0	0	0		49	ระยะยาว
p8120	อาคารพาณิชย์	2000000	1000000	2000000	2	2	1	135	2	0	0	25	มือสอง	6	2556	คอนกรีต	8 เมตร	ว่าง	เชียงราย	พาน	สันติสุข	57120		0	0	0	1	0	1	0	0	0	0	0	0	0	1	0	0	1	1	1	0	1	0	1	0	0	1	0	0	0	0	0	0	0	0	0	0	0	0	0	0	0	0	-	0		39	ระยะยาว
p8392	อาคารพาณิชย์	4617000	4500000	4000000	2	2	1	200	2				มือสอง	11	2551	คอนกรีต	8 เมตร	ว่าง	หนองคาย	เมืองหนองคาย	มีชัย	43000	นายหน้า	0	0	0	1	0	1	0	1	0	0	1	1	1	0	0	0	0	0	0	1	0	0	0	0	0	0	0	0	0	0	0	0	1	0	0	0	0	0	0	1	0	1	0	0	ยังไม่ขาย	59	ระยะยาว
p8523	อาคารพาณิชย์	8325000	7000000	7500000	4	4	2	300	4				มือสอง	12	2550	คอนกรีต	8 เมตร	ว่าง	นครนายก	เมืองนครนายก	นครนายก	26000	นายหน้า	0	1	1	0	0	1	0	1	0	0	1	0	0	0	0	0	0	0	0	1	0	0	0	0	0	0	0	0	0	0	0	1	1	0	0	0	0	0	0	1	1	1	0	0	ยังไม่ขาย	59	ระยะยาว
p9181	อาคารพาณิชย์	179400	170000	180000	1	3	0	856	1					10	2552			จำนอง	อุดรธานี	หนองหาน	บ้านเชียง	41320	นายหน้า	0	0	0	0	0	0	0	0	0	0	0	0	0	0	0	0	0	0	0	0	0	0	0	0	0	0	0	0	0	0	0	0	0	0	0	0	0	0	0	0	0	0		0	ยังไม่ขาย	62	ระยะยาว
p9256	อาคารพาณิชย์	5280000	5500000	4500000	2	3	1	310	3				มือสอง	12	2550	คอนกรีต	4 เมตร	ว่าง	ชัยภูมิ	เมืองชัยภูมิ	นาฝาย	36000	นายหน้า	0	0	0	1	0	0	1	1	0	0	1	0	0	0	0	0	0	0	0	0	0	0	0	0	0	0	0	0	0	0	0	0	0	0	0	0	0	0	0	0	0	0	0	0	ยังไม่ขาย	59	ระยะยาว
h3013	บ้าน	2000000	2000000	2000000	2	3	1	35	1	0	0	35	ใหม่	1	2561	คอนกรีต	8 เมตร	จำนอง	สมุทรปราการ	เมืองสมุทรปราการ	แพรกษา	10280	นายหน้า	0	0	0	0	0	0	1	0	0	0	0	0	0	0	0	0	0	0	0	0	0	0	0	0	0	0	1	0	0	0	0	0	0	0	0	0	0	0	0	0	0	0		0	ขายแล้ว	38	ระยะยาว
